-0.3, -0.4
-0.8144047341371909, 0.7539346002361805, 0.028573362842256134, -2.0506586748891094, -0.05905217557911104, 2.8038446043810423, 0.04755004468500916
-0.3, -0.35
-0.8196718115195444, 0.7051813415017499, 0.07982810665579697, -2.1713589410065715, -0.19396317512579433, 2.870113622178194, 0.21359817433518422
-0.3, -0.3
-0.7269542120440355, 0.6621657772996938, 0.05940699928813494, -2.278808908769619, -0.1805392618846508, 2.936880508379822, 0.2821650097146052
-0.3, -0.25
-0.5831637436938586, 0.6273071717971919, 0.016877571104731637, -2.3729273081785, -0.07016244347716823, 2.9998230988575094, 0.2853603685072001
-0.3, -0.2
-0.4822259725654544, 0.6010892824483703, 0.010530233086358783, -2.449098596390099, -0.06513827126851356, 3.049968022944133, 0.3767223577060377
-0.3, -0.15
-0.39395805926112387, 0.5832217649855792, 0.012009839583176791, -2.5087459349670187, -0.13249033566161336, 3.0914956231039152, 0.5337902380206596
-0.3, -0.1
-0.26860000818959195, 0.5701108640012438, 0.0037573898046309342, -2.5528792201800083, -0.10864321647015038, 3.122876619768678, 0.6285846757674889
-0.3, -0.05
-0.13239628971128412, 0.5631148145030781, -0.0002487841321506879, -2.5805938052548942, -0.046677385578458054, 3.1436835895509616, 0.6994781103705304
-0.3, -0.0
2.3927955846401117e-05, 0.5612126612475657, -8.512730602850795e-06, -2.5892957486042345, 7.205891130901438e-05, 3.150508433634228, 0.7853396678021914
-0.3, 0.05
0.13247702484001164, 0.56350651309953, 0.00018399152767358237, -2.580194349379654, 0.04680770458090846, 3.1437088083987414, 0.8712229101129431
-0.3, 0.15
0.3945771121758409, 0.5829638420063974, -0.012182271280137897, -2.5084909725922735, 0.13285023225270184, 3.090971688854218, 1.0371215860992766
-0.3, 0.2
0.5147345536994555, 0.6019188929070519, -0.025422497549002568, -2.4478059467765685, 0.15537819788778562, 3.0484575657532487, 1.1244610537573732
-0.3, 0.3
0.6801756085872306, 0.6608703877036541, -0.02819768252430681, -2.2812167174066373, 0.08703012492523987, 2.941155339500012, 1.3580142818484582
-0.3, 0.35
0.8197371054031114, 0.7051759608400837, -0.07988377926600064, -2.171378375487444, 0.1941476287650275, 2.8701204173889536, 1.3570429765473053
-0.25, -0.4
-0.7708023041878732, 0.8170587165750645, 0.044463402164051286, -1.9069492150558893, -0.07969809198737181, 2.7223111124166803, 0.11785559575588422
-0.25, -0.35
-0.7284771300152395, 0.7625895875928728, 0.06019487809385152, -2.0315999195632184, -0.12123559503797708, 2.790909262159853, 0.2143616173069301
-0.25, -0.3
-0.6254857527540139, 0.7165809066367995, 0.032572100575115566, -2.1398127676397602, -0.07584628976210211, 2.855366344506452, 0.25726784428495486
-0.25, -0.25
-0.5527711225173012, 0.6807807060842669, 0.035460478885649765, -2.2298228250876204, -0.09660188321957973, 2.9093376619097686, 0.3542691711174951
-0.25, -0.1
-0.23682726654876446, 0.6160443394277252, 0.010867432463477038, -2.4055100288590756, -0.051043521722967444, 3.0214055373185267, 0.6082325816232343
-0.25, -0.05
-0.11919002577045419, 0.6070228501901468, 0.004818321764815884, -2.4307938175901995, -0.026442526940610844, 3.0377614748884514, 0.6964850819847614
-0.25, -0.0
-0.00023358251992266468, 0.6040084881122306, 4.202884949298394e-06, -2.439985756521363, -5.240888807295588e-05, 3.0439976831351885, 0.7851722036808854
-0.25, 0.1
0.23572142264902626, 0.616201697925743, -0.0102384280316203, -2.405004179293892, 0.04918170292687456, 3.021030831084139, 0.9639331245588905
-0.25, 0.15
0.34866660805705746, 0.6310196051118152, -0.01739581223556592, -2.362345907233369, 0.06936070409491908, 2.9929287211895454, 1.0514581168390493
-0.25, 0.2
0.46001693205064703, 0.6524606216543681, -0.029302406045925572, -2.3036061746934933, 0.0960642264997548, 2.955020154110357, 1.1277185918942376
-0.25, 0.25
0.5516760081468696, 0.6803078739666416, -0.034461523420912465, -2.2297414144253818, 0.09405181539678753, 2.9087722677983483, 1.2187508485943204
-0.25, 0.3
0.6327467377021949, 0.7172711646269747, -0.038178991716437134, -2.138836379238464, 0.08889423195257587, 2.8546702827174797, 1.3040842651967721
-0.25, 0.35
0.7198172045769389, 0.7625517736749234, -0.052895852763753866, -2.031878848089167, 0.10677513920669142, 2.7918959168633943, 1.3666011955650939
-0.2, -0.35
-0.6382844628923292, 0.8324245223869665, 0.02944004299628167, -1.8718975945566216, -0.051339726585853056, 2.70361392016883, 0.21343942746381128
-0.2, -0.3
-0.564056421380268, 0.7837220898357723, 0.024021134483573868, -1.9813372353226089, -0.04427426083166982, 2.7657004504224645, 0.27423232744190174
-0.2, -0.25
-0.4848659670420382, 0.7441038015794125, 0.020319611192766266, -2.0728905319233175, -0.04315246802413664, 2.8166170460016975, 0.35639773760586235
-0.2, -0.2
-0.406260366586097, 0.7137905665055138, 0.022231679645242915, -2.146572067538244, -0.05239253427276509, 2.8598871969288076, 0.44626850465160856
-0.2, -0.15
-0.3137169454655774, 0.690570743220959, 0.01810441823193562, -2.204123271180801, -0.04711683361364812, 2.894352969541805, 0.5313226550102192
-0.2, -0.1
-0.2120730128628444, 0.6743492245623549, 0.011534553973291433, -2.2454145311474116, -0.03280935155097684, 2.9196368167082727, 0.6143291295943931
-0.2, -0.05
-0.10284316937609012, 0.6648432310862848, 0.0027222425388580447, -2.2698134347289454, -0.00817052115496165, 2.9346478145381134, 0.6927092111054142
-0.2, 0.05
0.11389675318012007, 0.6650876280086953, -0.01033802386791528, -2.2695251247508685, 0.031029210626020647, 2.934490124475145, 0.8607930517791642
-0.2, 0.1
0.2117638596567857, 0.6743408573328041, -0.01133368436866278, -2.2454207466217517, 0.03212152008697112, 2.9196179056583773, 0.9569714636003273
-0.2, 0.15
0.31458188610529364, 0.6905057454741657, -0.01855440569467693, -2.2039323138824405, 0.048247050777981006, 2.894053980975715, 1.0389020287684
-0.2, 0.2
0.40628109827204456, 0.7136835153200751, -0.02224363367420657, -2.1466060679255468, 0.05244235902378843, 2.8597974491391756, 1.1244784328339648
-0.2, 0.25
0.4848910237874012, 0.7441361317101239, -0.020344259523241395, -2.07287236530527, 0.04314930906541296, 2.816631359184519, 1.2144332121670767
-0.2, 0.3
0.5623730197485269, 0.7837734963843077, -0.022480902644377725, -1.9809289718908405, 0.0431097884014631, 2.7642329293428562, 1.2917613339233436
-0.2, 0.35
0.6082466980516703, 0.8312256945427032, -0.0018135983911757492, -1.8730728952667648, 0.0031421010155968775, 2.7042986426572604, 1.3895699455721284
-0.15, -0.4
-0.6807805751094638, 0.9847075801238524, 0.06238172413401446, -1.5481432087206586, -0.09025532415734393, 2.53010426356239, 0.21279310812763577
-0.15, -0.35
-0.6085936655400347, 0.9175780578577706, 0.04668461567113104, -1.6877954191763056, -0.07250942574728966, 2.6036472193991838, 0.2673880793247141
-0.15, -0.3
-0.5116189969247903, 0.8635892892227018, 0.01531033082477454, -1.8023273022384652, -0.025502345789661224, 2.665710723061307, 0.3064218406484828
-0.15, -0.25
-0.4356932506859156, 0.8212664556168204, 0.01116727902368998, -1.8958668111753698, -0.019817946184804355, 2.7170234250116407, 0.3753950929229995
-0.15, -0.2
-0.3847673813888302, 0.7884856357054516, 0.03340190023553735, -1.9708218573499654, -0.06332782599275, 2.7583384786975076, 0.48292880831556456
-0.15, -0.15
-0.2813925525375991, 0.7626219882055523, 0.014431512536776776, -2.029888108075082, -0.02924195571667116, 2.7923729119124037, 0.541927299897392
-0.15, -0.1
-0.19238004324363783, 0.7449800223645442, 0.011198101912539784, -2.071040172301814, -0.02371903401834443, 2.8158991798647195, 0.6237186359603392
-0.15, -0.05
-0.09959432727283542, 0.7345056037691343, 0.007546244983950698, -2.0958091096828837, -0.016588908915508627, 2.8302452560771507, 0.7071744801819917
-0.15, -0.0
3.5429568387171584e-06, 0.7314706708761711, 0.0, -2.1031936618308964, 0.0, 2.8343286888840598, 0.785398163
-0.15, 0.05
0.09964859070990718, 0.7346283788787444, -0.007592189251667034, -2.095756970865171, 0.016642265360314726, 2.83033444583795, 0.8635536908050399
-0.15, 0.1
0.19306236123056236, 0.7450864058445152, -0.011742610787383213, -2.071009082930008, 0.024917368263159784, 2.8159925344927785, 0.9462010920166833
-0.15, 0.15
0.32299253576058057, 0.7640613758435044, -0.04888706419439938, -2.0281695379764164, 0.09835216082469828, 2.79007168934063, 0.9807091425395952
-0.15, 0.2
0.17969746966659556, 0.7974651031671303, 0.14442901121873694, -1.9645089720598752, -0.2691165995632796, 2.743818464034766, 1.315340161473241
-0.15, 0.3
0.49178359242635716, 0.8638847802366982, 0.003654455123633794, -1.8021138366080711, -0.006050998192437858, 2.6659865322107223, 1.2849495603704333
-0.15, 0.35
0.5618174992480908, 0.9170041297647917, 0.0008880992327222296, -1.687788840125838, -0.001257308708765092, 2.6047962856495666, 1.3488216868520158
-0.1, -0.4
-0.6300952667246119, 1.1029748209323522, 0.05959432952468974, -1.3064860449632978, -0.07939999334972128, 2.4072495982969686, 0.2411653857084608
-0.1, -0.3
-0.4681265695495183, 0.9606067017053479, 0.008451930039094838, -1.5956711687653693, -0.012530089082620975, 2.5562267053370538, 0.3325048531478491
-0.1, -0.25
-0.4009158725954303, 0.9135858436872113, 0.009375111574647526, -1.6939162977761624, -0.006719876876098341, 2.6044598456789796, 0.39541164643358406
-0.1, -0.2
-0.24413710565502575, 0.8781578507425793, -0.07269778278590469, -1.7741372566157334, 0.1182895493751679, 2.6481000453761117, 0.3905006584447411
-0.1, -0.15
-0.3066128767410625, 0.8500971819393603, 0.059576817336332286, -1.8348579424480704, -0.101033629134202, 2.682045489417541, 0.6087358342787158
-0.1, -0.1
-0.1721695521377695, 0.8292511374951905, 0.007793001072304623, -1.8776019591637032, -0.013678588190731568, 2.706672080450819, 0.63096576204856
-0.1, -0.05
-0.0826189915663474, 0.8182108990083979, 9.782263992949665e-06, -1.9027095552650755, -2.223897889299718e-05, 2.720925448109828, 0.7028080356301193
-0.1, -0.0
0.004625816217950915, 0.8137067499341836, -0.0042723400772201325, -1.9121436754185006, 0.007812080209994361, 2.7258330663152335, 0.7799280582279983
-0.1, 0.05
0.08659932498231922, 0.8179690934035778, -0.003557107492706048, -1.9034578023050952, 0.006379861283629856, 2.7214128877741466, 0.8637297740524896
-0.1, 0.1
0.17241907669491124, 0.8297105021098319, -0.007773831490917242, -1.877322939384348, 0.013522505802511322, 2.706987959017406, 0.9403324797131163
-0.1, 0.15
0.2662255192251208, 0.8486363657243211, -0.021762549319320344, -1.8351513233024974, 0.037042641944685026, 2.683338465290909, 1.0040240385241765
-0.1, 0.25
0.3881996651753485, 0.9125761805132308, 0.003619357035009947, -1.6964940814198293, -0.005630112097365886, 2.609092143703342, 1.180675480689918
-0.1, 0.35
0.5272234218121858, 1.022315738167747, -0.0031479868159613256, -1.4679018161620314, 0.004452432462803244, 2.490192127286509, 1.3074082438706303
-0.05, -0.4
-0.5528209363276423, 1.2805561711195166, 0.00805861464025235, -0.9559631404636533, -0.009734092935296543, 2.236376665605575, 0.24071629220604512
-0.05, -0.3
-0.4304699518498647, 1.085034231911262, 0.0013190385775798596, -1.3403756770968753, -0.0020028316208595244, 2.425479177348882, 0.3571588530868858
-0.05, -0.25
-0.36507946967190635, 1.0272948811809939, 0.0006408022319616791, -1.457406694958522, -0.0011598405915475424, 2.4847600703275035, 0.4216119090184614
-0.05, -0.2
-0.29587003962747904, 0.9846210564015684, -0.00048652161746535105, -1.5453386575727506, 0.0006164167803989224, 2.5301090673531004, 0.48860126444580537
-0.05, -0.15
-0.22395351584872408, 0.9533194315794749, -0.0013698987299618354, -1.6111066421153437, 0.0019824745012967863, 2.564385106178857, 0.559014869395876
-0.05, -0.1
-0.15148099187159722, 0.9309434002464518, 0.00010746589573543048, -1.6582518301323896, -0.00022927893054698248, 2.589203829811847, 0.6342048286551871
-0.05, -0.05
-0.07733803261314218, 0.9180941479476131, 0.0010052969040637834, -1.6849594465251507, -0.001980014091184461, 2.6030315649700855, 0.7104689196969834
-0.05, -0.0
0.00021903942059609265, 0.9139231138043967, -6.870512111252237e-05, -1.6935797904878087, 6.739032903361717e-05, 2.6074204247539914, 0.7854699347288606
-0.05, 0.05
0.07724991773855817, 0.9181223959276901, -0.0012502736968585148, -1.6846937900600816, 0.0019297560343556656, 2.602858638714446, 0.8604034304915117
-0.05, 0.15
0.22339020692208805, 0.9529915839214179, 0.0016627835654399075, -1.6115050329826557, -0.0024389091832586894, 2.5645118248859937, 1.0117119071924001
-0.05, 0.2
0.2915631841441692, 0.985135988933637, 0.005363237385944255, -1.544845093204573, -0.007774347266151228, 2.529915892773703, 1.086448114991175
-0.05, 0.25
0.36515322651395765, 1.0273072613944911, -0.0007282119241511676, -1.4573416650319997, 0.0011615926246586912, 2.4845717468293778, 1.1492163423931576
-0.05, 0.3
0.4305120019312599, 1.0850134599966903, -0.0013717627101737966, -1.340373024493277, 0.0019818191171156515, 2.4254185570051288, 1.2137743060597979
-0.05, 0.35
0.4699735113938059, 1.163851418854357, 0.029577193290159735, -1.1838691859938064, -0.0379149236929976, 2.3471658234307027, 1.293802933956624
-0.0, -0.35
-0.4689158574085309, 1.4575272555246161, 0.021568754701063376, -0.6213983019029363, -0.024922918272803875, 2.079182830036772, 0.33117280484331485
-0.0, -0.25
-0.3396697647179802, 1.1857776497292898, -0.0015016944105362966, -1.1407494975476105, 0.0016326521166188442, 2.32644241909534, 0.4444075796209762
-0.0, -0.2
-0.2735318892825341, 1.1270051694637309, -0.003762606932422025, -1.2566459725853383, 0.004491464850830035, 2.383604329790497, 0.5072959428820492
-0.0, -0.15
-0.20692707079809292, 1.0862252967446286, -0.0033155601942425677, -1.3382443510629694, 0.005397651982214904, 2.425007337802656, 0.5732927196586031
-0.0, -0.1
-0.13864461221342603, 1.059016151612532, -0.002617017576339206, -1.3931168851122966, 0.004154738112482147, 2.45308498402214, 0.6424164375197663
-0.0, -0.05
-0.07478287776010555, 1.0435622626695553, 0.004820012670617946, -1.4242199096526562, -0.00673922177624644, 2.4677397050750676, 0.7182885483659769
-0.0, -0.0
-4.3991893613953123e-10, 1.0395970301523325, 0.0, -1.4326599095670511, 0.0, 2.4712752126174258, 0.785398163
-0.0, 0.1
0.13838049426915192, 1.0590806777435764, 0.002940953177222209, -1.3928246032055163, -0.004087533990060555, 2.4522869096113302, 0.9277770117109102
-0.0, 0.15
0.20645177975890006, 1.086155184341033, 0.003911826062766699, -1.3381289499334963, -0.00504375463858995, 2.424458775234513, 0.996803096431286
-0.0, 0.2
0.2735326168006899, 1.127005156989715, 0.003761657985000505, -1.2566461163540232, -0.0044920041853967595, 2.38360474699111, 1.063501598150672
-0.0, 0.25
0.32194754941904674, 1.185700609420244, 0.028019902949622692, -1.1408795027618277, -0.03555057023120032, 2.326589579897331, 1.1426748735498158
-0.0, 0.3
0.4049792796389618, 1.2736330240095552, -0.00471173482152146, -0.9697917831792253, 0.006074666652753083, 2.243190613672513, 1.1850070733922495
-0.0, 0.35
0.37345387363899013, 1.4708997123202552, 0.23574272471302485, -0.6135901275387287, -0.2674111615880982, 2.0666018055317545, 1.3124613736465565
0.05, -0.2
-0.20568962776898372, 1.3845607678268252, -0.11544594046737597, -0.7634819152298997, 0.13499152539538503, 2.1426487866303723, 0.4849382887530725
0.05, -0.1
-0.14595783374859506, 1.248459366524044, 0.023632940294707014, -1.0182245252747464, -0.029232632459255673, 2.266418329654947, 0.6656522233647603
0.05, -0.05
-0.05280534985043066, 1.2239472820396557, -0.020767239700900997, -1.065813884875611, 0.02604943203790612, 2.289694224479398, 0.7083556806879532
0.05, -0.0
0.0001324327846504794, 1.217611273588715, 0.0, -1.0784464126173374, 0.0, 2.2959367984132566, 0.7855084531204484
0.05, 0.05
0.0738997860975473, 1.2238994530074911, -0.012417953526127679, -1.0657225516263156, 0.015516029101984281, 2.2895475161927163, 0.8448638199629644
0.05, 0.1
0.13051460541961335, 1.2484463401836243, 0.0017364774893980717, -1.0181002760237827, -0.0021744496326424247, 2.2664982516821732, 0.9178519977093682
0.05, 0.15
0.1791866389088988, 1.294940524184822, 0.030155407884522166, -0.928730587837185, -0.03649194817815958, 2.2232201089762724, 0.9949575040330093
0.05, 0.2
0.23257535322515965, 1.380639500891105, 0.05670929796647374, -0.766445128980892, -0.06637078007608549, 2.145779579914856, 1.064833773613965
